#simulation: 0
%step	%pop	%debt	%gift	

0	200	0	64
1	201	0	69
2	201	0	58
3	202	0	71
4	204	0	77
5	208	0	75
6	209	0	83
7	212	0	77
8	215	0	74
9	217	1	82
10	220	0	95
11	224	1	100
12	227	1	99
13	228	0	107
14	233	2	95
15	233	3	104
16	237	4	107
17	240	6	114
18	242	5	118
19	243	10	111
20	247	10	122
21	246	9	126
22	243	10	113
23	243	10	118
24	242	7	118
25	236	6	110
26	232	10	112
27	231	10	109
28	231	10	111
29	228	8	107
30	221	13	97
31	217	15	94
32	215	13	94
33	213	24	91
34	209	14	83
35	204	16	81
36	202	14	77
37	198	11	77
38	197	18	77
39	193	21	70
40	189	20	73
41	186	18	70
42	185	13	64
43	182	14	55
44	182	15	62
45	180	17	62
46	181	8	66
47	176	18	64
48	174	14	56
49	166	11	55
50	165	12	53
51	162	19	48
52	163	14	49
53	158	9	46
54	160	13	48
55	159	11	50
56	162	14	54
57	161	14	50
58	158	10	52
59	155	10	48
60	155	9	47
61	154	12	44
62	147	8	45
63	144	9	43
64	148	5	47
65	150	11	43
66	152	13	45
67	153	12	49
68	150	15	47
69	147	12	41
70	147	10	39
71	147	10	48
72	145	13	52
73	143	10	45
74	142	12	45
75	141	15	46
76	142	10	39
77	139	13	39
78	138	16	42
79	139	9	38
80	139	13	37
81	136	12	37
82	131	13	35
83	127	6	29
84	126	8	28
85	127	10	27
86	123	8	29
87	120	7	32
88	121	8	33
89	119	7	34
90	115	8	29
91	115	6	27
92	114	9	28
93	113	9	24
94	113	9	31
95	114	11	31
96	114	9	30
97	111	9	27
98	112	10	26
99	112	8	30
100	111	12	31
101	113	14	27
102	113	13	26
103	113	10	27
104	115	13	26
105	111	9	28
106	111	9	25
107	109	9	21
108	108	6	18
109	110	9	20
110	107	7	18
111	105	8	19
112	106	6	19
113	108	8	19
114	107	5	22
115	107	8	20
116	106	10	21
117	107	12	23
118	105	13	25
119	105	13	25
120	105	12	23
121	105	11	24
122	105	18	20
123	107	17	20
124	108	14	23
125	108	15	24
126	107	14	22
127	106	17	22
128	106	12	18
129	105	17	17
130	107	12	20
131	109	7	21
132	106	9	23
133	106	12	20
134	107	12	18
135	107	12	21
136	107	12	23
137	105	11	20
138	104	12	17
139	104	12	15
140	103	13	17
141	103	16	17
142	103	16	20
143	101	15	16
144	102	12	17
145	102	12	17
146	103	12	17
147	107	13	20
148	107	13	21
149	108	11	24
150	107	13	25
151	107	13	23
152	107	17	24
153	105	14	21
154	107	18	24
155	103	16	23
156	103	11	21
157	104	11	20
158	103	11	22
159	102	10	18
160	102	10	20
161	102	14	20
162	102	12	16
163	102	9	16
164	105	8	18
165	106	13	17
166	106	11	21
167	105	13	20
168	103	8	15
169	104	9	16
170	109	10	17
171	109	14	16
172	112	11	17
173	115	14	19
174	117	9	22
175	117	11	23
176	117	10	24
177	118	16	21
178	120	16	23
179	124	17	24
180	126	13	22
181	128	18	22
182	129	15	28
183	130	16	25
184	131	15	25
185	132	16	27
186	134	18	27
187	135	16	30
188	134	19	28
189	134	19	28
190	133	10	25
191	135	13	29
192	137	14	34
193	138	11	33
194	138	13	35
195	138	13	31
196	140	21	33
197	141	18	35
198	140	11	34
199	140	14	36
200	141	14	34
201	144	13	31
202	144	17	35
203	144	21	35
204	145	15	39
205	146	15	37
206	147	16	43
207	146	15	42
208	147	19	42
209	149	17	42
210	149	13	51
211	149	13	49
212	148	16	46
213	147	14	45
214	144	13	43
215	144	14	41
216	145	20	38
217	146	14	35
218	150	13	39
219	152	13	42
220	153	15	39
221	154	13	45
222	154	14	42
223	152	9	40
224	151	12	36
225	150	11	37
226	152	7	37
227	153	9	40
228	156	8	38
229	158	13	38
230	160	8	44
231	161	10	45
232	163	8	43
233	164	13	43
234	161	12	48
235	162	8	46
236	161	10	41
237	161	9	41
238	163	10	44
239	162	8	44
240	166	8	46
241	167	8	48
242	170	7	55
243	173	7	50
244	175	9	52
245	174	11	53
246	174	9	56
247	174	8	55
248	175	9	56
249	173	13	50
250	175	10	51
251	176	14	54
252	178	16	55
253	181	15	54
254	185	9	56
255	187	15	54
256	188	15	59
257	190	18	60
258	188	13	59
259	188	11	55
260	192	10	52
261	194	12	58
262	196	11	56
263	196	16	52
264	197	10	49
265	200	16	51
266	200	11	53
267	201	9	59
268	202	17	55
269	204	15	56
270	204	16	59
271	206	18	62
272	206	10	57
273	206	9	63
274	208	19	61
275	209	14	63
276	211	16	68
277	214	13	66
278	214	20	59
279	215	15	60
280	217	13	62
281	219	12	64
282	220	13	63
283	226	15	63
284	227	14	63
285	228	12	68
286	227	15	67
287	227	18	70
288	227	15	60
289	228	17	59
290	232	13	57
291	233	16	60
292	232	18	61
293	236	17	62
294	236	9	65
295	237	12	68
296	239	12	67
297	240	16	71
298	242	16	79
299	245	10	75
300	247	16	73
301	248	11	77
302	249	20	80
303	251	21	82
304	254	27	81
305	255	17	85
306	257	27	88
307	263	23	85
308	268	25	88
309	271	16	94
310	272	20	95
311	274	25	93
312	275	20	100
313	274	22	102
314	276	22	98
315	279	21	96
316	285	23	93
317	284	23	94
318	286	24	100
319	289	26	103
320	291	19	101
321	293	23	103
322	295	26	109
323	296	20	107
324	298	26	110
325	302	22	108
326	303	23	108
327	302	25	101
328	304	31	101
329	304	30	106
330	303	30	103
331	305	28	103
332	303	29	109
333	304	31	111
334	306	24	111
335	309	26	108
336	313	24	114
337	313	23	111
338	316	25	116
339	318	23	114
340	323	21	118
341	326	25	113
342	325	29	114
343	326	26	115
344	327	33	112
345	333	29	115
346	333	24	115
347	335	27	114
348	336	25	122
349	339	28	119
350	345	24	119
351	345	25	128
352	345	29	131
353	347	33	130
354	351	33	132
355	350	32	135
356	353	29	134
357	354	34	133
358	358	30	130
359	356	37	133
360	358	32	137
361	359	36	140
362	361	38	141
363	361	32	147
364	359	38	140
365	359	32	142
366	359	32	133
367	359	36	134
368	361	42	135
369	362	27	129
370	362	35	139
371	360	43	128
372	362	41	126
373	362	42	131
374	361	37	130
375	363	38	131
376	366	29	137
377	368	26	139
378	371	38	141
379	372	36	138
380	372	41	144
381	372	43	140
382	374	46	140
383	377	35	144
384	376	33	146
385	379	38	147
386	380	39	153
387	387	40	160
388	389	42	155
389	389	26	152
390	388	32	152
391	392	39	147
392	396	34	151
393	398	43	161
394	400	39	157
395	404	42	160
396	403	47	155
397	402	31	154
398	403	38	156
399	405	50	158
400	407	39	158
401	410	36	162
402	410	35	158
403	410	38	154
404	414	38	148
405	420	38	154
406	425	39	154
407	427	33	152
408	427	42	154
409	431	34	161
410	432	35	155
411	437	36	155
412	438	43	136
413	440	39	143
414	446	40	139
415	447	33	145
416	449	36	151
417	452	29	146
418	454	37	143
419	458	37	143
420	463	40	146
421	467	33	148
422	477	30	151
423	479	35	152
424	480	44	140
425	482	39	140
426	485	34	149
427	491	39	156
428	491	35	152
429	495	34	150
430	499	37	156
431	501	35	150
432	505	40	154
433	505	34	157
434	510	40	157
435	512	42	163
436	515	44	159
437	518	43	162
438	519	39	162
439	522	42	156
440	525	48	163
441	523	37	174
442	529	44	164
443	526	45	159
444	532	37	161
445	536	34	162
446	539	40	176
447	544	52	170
448	552	43	174
449	552	39	170
450	554	45	165
451	560	46	163
452	563	43	171
453	567	50	175
454	572	45	171
455	577	47	184
456	585	60	189
457	591	54	189
458	598	55	184
459	600	57	180
460	602	54	185
461	607	52	191
462	612	52	192
463	617	57	193
464	621	47	206
465	624	50	212
466	625	53	209
467	624	60	203
468	629	47	202
469	633	44	210
470	647	47	219
471	654	56	225
472	659	56	223
473	656	55	216
474	659	57	221
475	665	57	229
476	670	56	228
477	673	53	223
478	678	48	228
479	681	67	234
480	683	55	238
481	693	61	239
482	694	53	249
483	699	55	252
484	701	61	257
485	702	70	269
486	710	68	262
487	715	67	256
488	718	74	259
489	723	72	268
490	730	73	262
491	736	69	276
492	743	73	285
493	748	75	265
494	757	82	276
495	757	74	286
496	767	76	292
497	774	79	285
498	775	85	282
499	782	74	297
500	784	78	297
501	786	80	306
502	788	83	298
503	795	89	308
504	801	86	301
505	806	88	309
506	809	90	304
507	817	78	308
508	827	93	315
509	828	100	317
510	837	98	312
511	841	103	313
512	850	85	308
513	858	94	308
514	865	93	318
515	865	102	323
516	878	98	335
517	883	104	339
518	882	108	315
519	881	103	329
520	877	106	317
521	886	107	314
522	891	113	310
523	903	107	327
524	912	96	327
525	917	85	339
526	923	106	332
527	923	99	341
528	926	116	333
529	931	110	338
530	944	107	340
531	954	131	336
532	962	105	340
533	960	122	339
534	968	127	332
535	972	118	332
536	977	111	337
537	982	118	338
538	991	118	338
539	996	133	346
540	997	135	351
541	1003	128	348
542	1007	129	353
543	1022	128	359
544	1023	140	369
545	1027	137	378
546	1028	142	392
547	1029	131	376
548	1033	129	382
549	1037	137	380
550	1050	138	363
551	1057	151	377
552	1062	159	374
553	1071	154	388
554	1074	146	396
555	1077	139	401
556	1082	147	408
557	1085	149	405
558	1092	145	408
559	1095	157	420
560	1101	152	429
561	1101	139	419
562	1106	146	429
563	1106	152	419
564	1114	146	420
565	1117	149	421
566	1126	161	423
567	1128	137	429
568	1126	143	430
569	1136	164	433
570	1143	167	433
571	1150	155	447
572	1153	169	455
573	1159	174	463
574	1166	164	461
575	1169	159	469
576	1175	161	487
577	1180	175	491
578	1176	161	483
579	1184	169	478
580	1182	183	469
581	1180	167	466
582	1191	172	475
583	1195	178	486
584	1193	167	486
585	1201	168	494
586	1208	163	503
587	1209	166	469
588	1210	179	455
589	1217	169	460
590	1219	158	457
591	1226	164	455
592	1235	172	450
593	1244	167	465
594	1253	169	471
595	1258	168	477
596	1263	164	452
597	1268	179	461
598	1273	177	467
599	1266	167	468
600	1266	170	429
601	1272	170	428
602	1276	180	427
603	1279	159	444
604	1280	156	444
605	1284	183	444
606	1293	185	451
607	1297	171	445
608	1305	186	455
609	1312	180	460
610	1319	185	463
611	1319	197	443
612	1319	182	434
613	1330	190	424
614	1340	188	431
615	1345	177	437
616	1353	210	416
617	1360	186	430
618	1362	194	418
619	1365	186	429
620	1370	213	442
621	1376	214	436
622	1375	198	421
623	1370	195	424
624	1372	203	414
625	1375	193	432
626	1384	194	436
627	1394	217	435
628	1401	206	431
629	1401	206	423
630	1400	206	408
631	1398	209	414
632	1397	232	410
633	1395	231	401
634	1398	226	397
635	1401	233	399
636	1398	225	394
637	1404	230	395
638	1406	236	389
639	1407	240	387
640	1412	251	383
641	1424	240	392
642	1428	244	402
643	1438	253	404
644	1443	235	413
645	1450	257	408
646	1451	248	412
647	1454	267	378
648	1462	267	376
649	1470	258	369
650	1481	254	359
651	1484	289	378
652	1491	262	365
653	1485	295	345
654	1484	273	360
655	1482	267	365
656	1487	278	355
657	1497	272	357
658	1503	270	371
659	1509	267	378
660	1503	267	366
661	1514	292	370
662	1518	291	380
663	1528	299	383
664	1528	272	395
665	1522	269	402
666	1536	285	396
667	1542	288	403
668	1543	293	406
669	1540	296	415
670	1546	292	395
671	1540	297	361
672	1543	295	361
673	1552	293	373
674	1563	288	378
675	1560	296	374
676	1568	300	381
677	1568	290	368
678	1568	285	364
679	1570	295	352
680	1563	303	355
681	1564	302	355
682	1568	297	370
683	1566	299	381
684	1569	312	388
685	1574	300	392
686	1575	276	384
687	1574	274	399
688	1571	286	400
689	1568	281	388
690	1566	266	393
691	1576	286	399
692	1582	266	380
693	1570	280	370
694	1562	283	356
695	1556	280	342
696	1558	290	343
697	1568	302	358
698	1574	291	359
699	1575	296	363
700	1578	296	369
701	1569	295	352
702	1565	314	348
703	1566	307	356
704	1567	299	338
705	1567	282	333
706	1564	283	325
707	1576	317	332
708	1578	317	317
709	1571	296	328
710	1575	314	335
711	1578	320	338
712	1580	307	331
713	1574	324	316
714	1577	330	309
715	1583	307	319
716	1584	301	313
717	1586	318	316
718	1596	324	316
719	1600	352	314
720	1597	334	328
721	1597	293	337
722	1589	289	324
723	1595	312	327
724	1609	331	321
725	1620	332	325
726	1632	345	328
727	1631	326	332
728	1634	308	342
729	1631	346	337
730	1623	321	346
731	1611	362	353
732	1610	325	361
733	1609	357	368
734	1616	361	374
735	1615	364	370
736	1630	336	372
737	1627	330	376
738	1616	338	375
739	1615	350	363
740	1603	322	350
741	1607	344	342
742	1606	352	347
743	1599	346	336
744	1600	335	333
745	1605	337	344
746	1599	331	345
747	1596	309	354
748	1601	327	358
749	1603	315	365
750	1597	321	375
751	1599	338	363
752	1591	329	373
753	1596	332	363
754	1592	338	367
755	1594	342	360
756	1602	341	364
757	1606	345	341
758	1605	335	346
759	1609	359	335
760	1610	352	339
761	1608	332	336
762	1610	339	332
763	1623	375	342
764	1626	360	350
765	1630	365	347
766	1630	358	346
767	1632	344	344
768	1627	369	326
769	1632	347	334
770	1648	330	340
771	1648	334	342
772	1646	310	324
773	1650	317	316
774	1656	300	293
775	1654	346	286
776	1658	348	278
777	1651	325	277
778	1650	324	285
779	1657	325	265
780	1654	343	271
781	1648	305	273
782	1642	307	273
783	1644	321	275
784	1637	323	263
785	1630	347	241
786	1638	346	244
787	1641	342	238
788	1643	315	242
789	1640	339	225
790	1643	354	226
791	1644	341	219
792	1650	347	223
793	1658	346	217
794	1664	355	214
795	1667	352	218
796	1677	350	228
797	1682	364	238
798	1680	326	230
799	1677	363	218
800	1684	338	226
801	1689	335	228
802	1681	336	222
803	1681	355	224
804	1683	343	230
805	1688	352	230
806	1696	351	236
807	1700	356	245
808	1702	360	239
809	1708	343	240
810	1717	368	228
811	1722	370	231
812	1717	351	238
813	1720	373	251
814	1735	361	243
815	1733	378	252
816	1735	378	248
817	1739	389	254
818	1751	387	265
819	1744	392	277
820	1747	366	279
821	1748	362	284
822	1744	377	251
823	1737	355	250
824	1733	378	238
825	1730	402	207
826	1721	397	207
827	1722	403	192
828	1728	373	197
829	1734	399	195
830	1727	407	197
831	1722	401	191
832	1720	390	174
833	1719	417	191
834	1717	411	193
835	1712	418	189
836	1716	426	195
837	1713	401	192
838	1709	389	202
839	1703	388	210
840	1701	386	217
841	1700	384	214
842	1698	395	207
843	1691	405	208
844	1700	430	198
845	1705	437	202
846	1695	422	186
847	1687	409	192
848	1684	412	182
849	1687	423	182
850	1697	418	184
851	1694	421	192
852	1697	409	193
853	1703	406	185
854	1703	415	194
855	1693	389	192
856	1695	429	185
857	1690	438	189
858	1698	436	188
859	1701	437	167
860	1701	437	155
861	1694	432	161
862	1697	435	171
863	1704	439	175
864	1697	450	170
865	1702	431	165
866	1708	438	168
867	1700	413	164
868	1698	398	165
869	1700	435	155
870	1702	424	157
871	1692	401	169
872	1683	405	163
873	1688	400	163
874	1690	401	174
875	1683	415	175
876	1681	388	179
877	1688	377	183
878	1691	404	172
879	1685	402	166
880	1674	403	168
881	1674	393	171
882	1673	386	167
883	1671	390	173
884	1678	395	158
885	1667	387	148
886	1662	384	163
887	1665	378	165
888	1677	364	144
889	1676	362	148
890	1678	365	143
891	1674	377	144
892	1672	354	136
893	1665	348	143
894	1665	357	124
895	1678	344	130
896	1680	342	135
897	1683	360	130
898	1667	368	139
899	1670	350	147
900	1664	365	147
901	1658	369	146
902	1655	343	157
903	1652	363	152
904	1661	386	158
905	1660	365	162
906	1667	390	171
907	1665	368	173
908	1671	390	162
909	1674	378	159
910	1668	378	156
911	1672	381	156
912	1669	369	143
913	1676	389	138
914	1678	390	139
915	1685	388	142
916	1693	385	125
917	1697	371	115
918	1702	376	122
919	1707	379	127
920	1719	389	128
921	1719	379	120
922	1721	395	114
923	1723	402	116
924	1716	397	118
925	1732	379	120
926	1734	394	129
927	1743	408	136
928	1752	373	128
929	1760	388	115
930	1754	380	109
931	1755	377	113
932	1742	355	115
933	1731	386	97
934	1731	377	98
935	1732	380	94
936	1733	373	95
937	1729	380	97
938	1735	367	89
939	1730	366	76
940	1726	382	79
941	1732	397	79
942	1734	388	81
943	1741	419	82
944	1731	400	75
945	1738	402	78
946	1747	399	78
947	1754	410	80
948	1755	401	81
949	1754	393	81
950	1756	377	82
951	1760	378	85
952	1749	398	75
953	1741	397	74
954	1734	380	75
955	1733	395	77
956	1735	379	79
957	1745	403	67
958	1747	410	69
959	1761	407	71
960	1761	407	75
961	1763	428	77
962	1761	391	63
963	1764	388	65
964	1753	397	55
965	1748	400	58
966	1745	393	60
967	1741	411	63
968	1739	390	67
969	1738	413	70
970	1734	424	58
971	1732	421	60
972	1727	415	62
973	1728	401	64
974	1728	388	68
975	1725	408	71
976	1725	409	76
977	1723	399	63
978	1717	404	45
979	1727	402	47
980	1731	416	50
981	1728	392	52
982	1728	414	55
983	1723	412	47
984	1727	421	49
985	1740	439	49
986	1739	410	50
987	1736	413	41
988	1742	407	40
989	1732	421	40
990	1733	399	43
991	1729	381	43
992	1735	406	44
993	1732	407	46
994	1728	394	47
995	1724	369	48
996	1723	409	48
997	1729	414	48
998	1726	405	50
999	1729	418	43
1000	1726	388	43
1001	1729	410	24
1002	1741	420	24
1003	1742	410	24
1004	1748	416	24
1005	1753	403	24
1006	1749	407	25
1007	1749	404	24
1008	1746	393	24
1009	1738	389	23
1010	1737	382	23
1011	1740	406	23
1012	1738	405	23
1013	1732	422	23
1014	1723	406	23
1015	1715	367	23
1016	1722	393	23
1017	1726	389	21
1018	1721	393	21
1019	1723	378	20
1020	1734	402	21
1021	1734	393	22
1022	1731	382	22
1023	1736	401	0
1024	1721	407	0
1025	1720	412	0
1026	1721	403	0
1027	1711	422	0
1028	1706	407	0
1029	1711	404	0
1030	1713	426	0
1031	1712	393	0
1032	1707	386	0
1033	1719	391	0
1034	1721	418	0
1035	1723	404	0
1036	1732	376	0
1037	1728	373	0
1038	1725	368	0
1039	1724	400	0
1040	1721	397	0
1041	1715	394	0
1042	1718	416	0
1043	1717	425	0
1044	1719	409	0
1045	1736	397	0
1046	1754	410	0
1047	1756	418	0
1048	1752	392	0
1049	1748	392	0
1050	1741	419	0
1051	1733	396	0
1052	1731	414	0
1053	1734	405	0
1054	1739	394	0
1055	1746	412	0
1056	1745	397	0
1057	1751	415	0
1058	1753	395	0
1059	1753	412	0
1060	1760	404	0
1061	1767	418	0
1062	1759	405	0
1063	1758	403	0
1064	1772	391	0
1065	1783	422	0
1066	1788	440	0
1067	1791	419	0
1068	1795	426	0
1069	1797	404	0
1070	1806	412	0
1071	1805	400	0
1072	1801	405	0
1073	1790	393	0
1074	1780	410	0
1075	1782	414	0
1076	1778	432	0
1077	1769	410	0
1078	1772	407	0
1079	1774	425	0
1080	1776	423	0
1081	1764	420	0
1082	1761	437	0
1083	1761	425	0
1084	1763	437	0
1085	1751	407	0
1086	1758	415	0
1087	1759	419	0
1088	1761	440	0
1089	1754	452	0
1090	1753	457	0
1091	1752	445	0
1092	1753	458	0
1093	1750	469	0
1094	1757	455	0
1095	1754	431	0
1096	1759	433	0
1097	1747	442	0
1098	1742	431	0
1099	1741	450	0
1100	1735	420	0
1101	1737	419	0
1102	1725	402	0
1103	1735	425	0
1104	1733	440	0
1105	1728	405	0
1106	1731	427	0
1107	1731	416	0
1108	1727	414	0
1109	1729	414	0
1110	1731	399	0
1111	1726	417	0
1112	1726	418	0
1113	1721	409	0
1114	1717	411	0
1115	1705	422	0
1116	1705	392	0
1117	1698	395	0
1118	1698	403	0
1119	1708	386	0
1120	1705	402	0
1121	1700	405	0
1122	1698	413	0
1123	1693	388	0
1124	1685	402	0
1125	1688	413	0
1126	1686	409	0
1127	1690	402	0
1128	1692	391	0
1129	1704	427	0
1130	1696	432	0
1131	1699	436	0
1132	1706	405	0
1133	1698	428	0
1134	1699	426	0
1135	1704	418	0
1136	1704	409	0
1137	1702	401	0
1138	1698	413	0
1139	1696	410	0
1140	1697	386	0
1141	1692	400	0
1142	1699	402	0
1143	1689	399	0
1144	1692	405	0
1145	1700	387	0
1146	1702	388	0
1147	1692	407	0
1148	1690	399	0
1149	1686	405	0
1150	1689	409	0
1151	1691	373	0
1152	1693	403	0
1153	1690	401	0
1154	1689	425	0
1155	1690	408	0
1156	1689	423	0
1157	1686	432	0
1158	1687	426	0
1159	1686	411	0
1160	1688	407	0
1161	1681	417	0
1162	1682	432	0
1163	1693	394	0
1164	1688	419	0
1165	1678	401	0
1166	1679	399	0
1167	1679	408	0
1168	1686	431	0
1169	1693	432	0
1170	1697	413	0
1171	1699	419	0
1172	1700	407	0
1173	1695	397	0
1174	1698	407	0
1175	1695	401	0
1176	1688	408	0
1177	1690	392	0
1178	1683	402	0
1179	1682	389	0
1180	1680	387	0
1181	1667	372	0
1182	1669	393	0
1183	1662	391	0
1184	1671	380	0
1185	1677	374	0
1186	1686	393	0
1187	1683	409	0
1188	1681	366	0
1189	1678	375	0
1190	1679	399	0
1191	1686	399	0
1192	1687	399	0
1193	1686	403	0
1194	1685	401	0
1195	1688	414	0
1196	1685	408	0
1197	1690	395	0
1198	1694	393	0
1199	1698	393	0
1200	1700	382	0
1201	1704	399	0
1202	1710	401	0
1203	1719	399	0
1204	1724	404	0
1205	1728	394	0
1206	1725	419	0
1207	1727	415	0
1208	1731	398	0
1209	1735	393	0
1210	1742	392	0
1211	1749	383	0
1212	1763	377	0
1213	1771	384	0
1214	1779	391	0
1215	1776	408	0
1216	1784	382	0
1217	1787	380	0
1218	1790	398	0
1219	1787	367	0
1220	1789	379	0
1221	1792	403	0
1222	1785	383	0
1223	1782	412	0
1224	1788	391	0
1225	1789	375	0
1226	1793	407	0
1227	1802	410	0
1228	1807	389	0
1229	1791	382	0
1230	1790	377	0
1231	1788	395	0
1232	1781	373	0
1233	1780	394	0
1234	1784	386	0
1235	1788	389	0
1236	1787	431	0
1237	1790	399	0
1238	1792	421	0
1239	1786	444	0
1240	1778	409	0
1241	1767	407	0
1242	1768	427	0
1243	1770	409	0
1244	1769	386	0
1245	1779	449	0
1246	1779	424	0
1247	1771	449	0
1248	1767	419	0
1249	1767	414	0
1250	1762	409	0
1251	1758	439	0
1252	1761	433	0
1253	1760	427	0
1254	1757	456	0
1255	1748	417	0
1256	1745	423	0
1257	1757	422	0
1258	1754	432	0
1259	1751	421	0
1260	1760	457	0
1261	1752	435	0
1262	1755	427	0
1263	1755	441	0
1264	1757	472	0
1265	1758	459	0
1266	1761	464	0
1267	1767	462	0
1268	1774	443	0
1269	1780	449	0
1270	1781	448	0
1271	1772	475	0
1272	1776	483	0
1273	1778	471	0
1274	1777	487	0
1275	1760	454	0
1276	1767	473	0
1277	1777	469	0
1278	1773	456	0
1279	1765	442	0
1280	1766	463	0
1281	1764	471	0
1282	1758	455	0
1283	1739	436	0
1284	1740	434	0
1285	1749	427	0
1286	1743	420	0
1287	1747	457	0
1288	1744	456	0
1289	1751	432	0
1290	1733	411	0
1291	1739	419	0
1292	1743	417	0
1293	1730	408	0
1294	1731	424	0
1295	1731	414	0
1296	1733	441	0
1297	1724	401	0
1298	1723	401	0
1299	1717	438	0
1300	1705	415	0
1301	1699	399	0
1302	1696	412	0
1303	1696	383	0
1304	1701	399	0
1305	1696	400	0
1306	1708	403	0
1307	1709	403	0
1308	1718	419	0
1309	1724	423	0
1310	1720	414	0
1311	1723	430	0
1312	1727	414	0
1313	1732	417	0
1314	1733	406	0
1315	1745	432	0
1316	1744	417	0
1317	1741	416	0
1318	1746	405	0
1319	1737	418	0
1320	1742	427	0
1321	1748	412	0
1322	1745	402	0
1323	1741	423	0
1324	1749	424	0
1325	1746	440	0
1326	1754	441	0
1327	1769	427	0
1328	1768	410	0
1329	1774	421	0
1330	1778	415	0
1331	1768	421	0
1332	1756	412	0
1333	1760	399	0
1334	1767	415	0
1335	1769	387	0
1336	1766	405	0
1337	1765	390	0
1338	1768	403	0
1339	1775	400	0
1340	1770	388	0
1341	1768	381	0
1342	1774	383	0
1343	1771	394	0
1344	1768	411	0
1345	1775	418	0
1346	1773	385	0
1347	1758	394	0
1348	1764	422	0
1349	1766	399	0
1350	1764	402	0
1351	1751	392	0
1352	1750	426	0
1353	1748	385	0
1354	1746	395	0
1355	1745	391	0
1356	1744	428	0
1357	1745	413	0
1358	1756	416	0
1359	1755	416	0
1360	1754	432	0
1361	1756	414	0
1362	1756	438	0
1363	1752	400	0
1364	1754	421	0
1365	1745	403	0
1366	1742	418	0
1367	1739	409	0
1368	1741	391	0
1369	1743	401	0
1370	1740	427	0
1371	1736	418	0
1372	1741	415	0
1373	1742	401	0
1374	1747	428	0
1375	1738	426	0
1376	1742	416	0
1377	1743	444	0
1378	1740	423	0
1379	1739	420	0
1380	1739	385	0
1381	1735	422	0
1382	1736	403	0
1383	1723	407	0
1384	1729	429	0
1385	1729	419	0
1386	1728	424	0
1387	1733	420	0
1388	1740	426	0
1389	1736	391	0
1390	1732	385	0
1391	1734	407	0
1392	1735	399	0
1393	1735	398	0
1394	1740	409	0
1395	1742	431	0
1396	1739	418	0
1397	1742	411	0
1398	1739	377	0
1399	1748	412	0
1400	1754	421	0
1401	1761	422	0
1402	1757	398	0
1403	1756	401	0
1404	1771	413	0
1405	1770	415	0
1406	1771	409	0
1407	1775	387	0
1408	1765	391	0
1409	1755	416	0
1410	1755	396	0
1411	1744	419	0
1412	1741	408	0
1413	1745	395	0
1414	1746	436	0
1415	1758	422	0
1416	1764	423	0
1417	1765	433	0
1418	1759	427	0
1419	1756	395	0
1420	1770	409	0
1421	1777	399	0
1422	1785	428	0
1423	1783	404	0
1424	1785	401	0
1425	1783	395	0
1426	1783	396	0
1427	1783	414	0
1428	1780	426	0
1429	1791	434	0
1430	1786	419	0
1431	1781	417	0
1432	1787	426	0
1433	1776	440	0
1434	1767	434	0
1435	1770	433	0
1436	1770	419	0
1437	1759	419	0
1438	1769	435	0
1439	1771	456	0
1440	1772	439	0
1441	1772	447	0
1442	1762	413	0
1443	1749	408	0
1444	1749	421	0
1445	1741	420	0
1446	1741	436	0
1447	1728	439	0
1448	1733	439	0
1449	1733	450	0
1450	1739	457	0
1451	1740	440	0
1452	1738	452	0
1453	1740	432	0
1454	1731	433	0
1455	1722	423	0
1456	1725	422	0
1457	1728	432	0
1458	1730	427	0
1459	1716	414	0
1460	1720	409	0
1461	1731	431	0
1462	1737	385	0
1463	1722	397	0
1464	1722	421	0
1465	1724	435	0
1466	1724	398	0
1467	1723	437	0
1468	1713	430	0
1469	1721	444	0
1470	1714	402	0
1471	1713	417	0
1472	1703	404	0
1473	1699	399	0
1474	1691	400	0
1475	1691	398	0
1476	1688	387	0
1477	1682	410	0
1478	1682