498515443608,498515134504
498515249024,498513896280
498514895144,498514871408
498514895144,498515580520
498514895144,498515160368
498514895144,498515371008
498514945920,498515224000
498514945920,498515372800
498515442040,498515539448
498515442040,498515373696
498515331336,498515248464
498515117336,498515117056
498515579568,498515025144
498515579568,498515458648
498515579568,498515117168







498514985480,498515046296
498514985480,498515117784

498515326960,498515290376
498515326960,498514846720
498515326960,498515044672
498515326960,498515224280






498514986600,498515538216




498515157400,498515302384
498515157400,498515456632
498515157400,498515541296







498515329712,498515053872
498515329712,498515541128




498515411464,498515435592
498515411464,498515160536


498515044056,498515158128
498515044056,498515539280


498514987552,498515093376
498514987552,498515225400
498514987552,498515540400
498514987552,498515541464

498515264680,498515541912


498515002984,498515541520

498514871688,498478947464
498514871688,498515140392
498514871688,498515412024
498514871688,498515301040
498514871688,498515538832




498515091808,498515540624







498515582928,498515074856


498515580240,498515072504


498515309288,498515495568

498515202120,498515073400


498515354064,498515203968
498515354064,498514988784
498515354064,498515071048






498515042992,498515218784
498515042992,498515051352





498515436376,498515580800
498515436376,498514824832
498515436376,498515205872
498515436376,498515071160


498515303224,498515136464
498515303224,498515220408
498515303224,498514944408

498514873368,498515398608
498514873368,498515073456



498515095168,498515001640
498515095168,498515051240
498515095168,498514985256
498515095168,498515266920




















498515203576,498514848848





498515225624,498515140504


498515395640,498514946480
498515395640,498514947376
498515395640,498515395360
498515395640,498515073344


498515288976,498515495792
498515288976,498515132600
498515288976,498514947040
498515288976,498515311528
498515288976,498515179000
498515288976,498515538328
498515288976,498515435648


498515091976,498515540176
498515091976,498514898616
498515091976,498515291048
498515091976,498515093656












498515249696,498515204976
498515249696,498514945472





498515225176,498515437104
498515225176,498515072000



498515311640,498515071776





498515539840,498515442152
498515539840,498515042656









498515370280,498478861448
498515370280,498514988616
498515370280,498515581080
498515370280,498515373808
498515370280,498515177880
498515370280,498515050792
498515370280,498514845936
498515370280,498515541632


498514870344,498515042936





498514824496,498515581920
498514824496,498515042432



498515249136,498515139272
498515249136,498515043328
498515249136,498515043776


498515159136,498478947968
498515159136,498515441312
498515159136,498515397432





498515413032,498515582032
498515413032,498515044224








498515073512,498515203240
498515073512,498515205480
498515073512,498515265744
498515073512,498515042488


498515071552,498515044336




498515024528,498515003208
498515024528,498514823712
498515024528,498515541800
498515024528,498515140560

498515093152,498515580968
498515093152,498478948192

498515411688,498515248688
498515411688,498515045568

498515413872,498515137984
498515413872,498515045512





498515044728,498473762040


498515180680,498515493496

498515024976,498515412080




498515023128,498515053648









498515458592,498515495344
498515458592,498515135512
498515458592,498515496632









498515024136,498515582088

498515220072,498515158184
498515220072,498515225568
498515220072,498515496800



498515266864,498515395192

498515579176,498515248072
498515579176,498515580856


498515224392,498515539000
498515224392,498515493160


498514847616,498515580632
498514847616,498515493048

498515266584,498515541184







498515136808,498514987608
498515136808,498515495176






498515094888,498515160144
498515094888,498515023352
498515094888,498514847336
498515094888,498515494224



498514987216,498515289032
498514987216,498515496464

498515373640,498515074184
498515373640,498515495232



498515303280,498515178832
498515303280,498515354736
498515303280,498515289984
498515303280,498515205256
498515303280,498515459152








498515218840,498515087256
498515218840,498515301768
498515218840,498515052584
498515218840,498515396480

498515311976,498515205648


498515494000,498515493664


498515312536,498515493888

498514873200,498515249808
498514873200,498515022400


498515247792,498478860832


498515136696,498515249864
498515136696,498515496296

498515373304,498515134112
498515373304,498515494840

















498515581640,498515133496
498515581640,498514871072
498515581640,498515052920

498514895032,498515249248







498515354904,498515397264
498515354904,498515247400


498515203128,498515580296









498515138992,498515160816


498515091640,498515442432
498515091640,498515247512

498515312368,498515250256







498514873424,498515053592
498514873424,498515308728
498514873424,498515137928







498515581864,498515226184
498515581864,498515248744






498515540568,498515308896
498515540568,498515136408


498514846608,498515311248
498514846608,498515248296



498514824608,498515203632
498514824608,498515442488

498515223832,498515181072
498515223832,498515002256
498515223832,498515540008

498515071608,498515157848
498515071608,498515002312
498515071608,498515052248
498515071608,498515044504
498515071608,498515459712

498515024584,498478946568









498515223664,498515248240





498515371680,498515538664

498514948048,498515002592
498514948048,498515496576




498515330552,498515249528
498515330552,498515249920

498515330440,498515044168








498515158968,498515250872

498515458368,498515247232




498515005000,498514945024
498515005000,498515071384
498515005000,498515495008
498515005000,498515222600
498515005000,498515581808
498515005000,498515205368
498515005000,498515084232
498515005000,498515436488
498515005000,498515411520
498515005000,498515157960
498515005000,498515580072
498515005000,498515538384
498515005000,498515289256
498515005000,498515440752








498515312312,498478947800
498515312312,498514871352

498515332960,498515248128







498515291104,498515074912





498515136184,498515050568
498515136184,498515250480











498515092816,498514944296
498515092816,498515119296
498515092816,498515494784
498515092816,498515394800
498515092816,498514824328
498515092816,498515092088
498515092816,498514987328

498515093824,498515043664
498515093824,498515266248



498515396144,498515071272
498515396144,498515579288
498515396144,498514847000
498515396144,498515266528

498515330776,498515265408

498515224448,498515266192



498515311864,498515265688


498515140056,498515437944


498515179392,498515493608
498515179392,498515441144
498515179392,498515459264
498515179392,498515292000
498515179392,498514823040
498515179392,498515263560






498515411632,498514849464
498515411632,498515267256


498515356528,498515001920

498515290768,498515160648
498515290768,498515136584
498515290768,498515134336








498515025816,498515494336
498515025816,498515135904




498515291832,498515394632
498515291832,498514947768
498515291832,498515180120


498515092592,498515414824
498515092592,498515223552









498515072168,498515135008





498515440920,498515073904
498515440920,498515135736

498515372632,498515135624





498515219064,498515045176
498515219064,498515265912
498515219064,498515457584
498515219064,498515134000






498515247568,498515135680





498515225792,498515160592

498515224672,498514822648
498515224672,498515204696

498514898056,498514845768






498515004608,498515495512
498515004608,498514988896
498515004608,498515133832


498515496016,498515179952



498515267088,498478948080






498515074352,498515134224


498515250312,498515442096

498515290936,498515443552
498515290936,498515116832
498515290936,498515437440









498515226072,498478947912


498515117000,498515441816



498515045008,498515224952






498515223496,498515180736
498515223496,498515443440

498515135120,498515051072
498515135120,498515493944
498515135120,498515441424

498514985144,498515439912



498515001584,498515309064


498515412528,498515541968

498515218952,498515443216





498514944912,498515072616
498514944912,498515441592


498515396984,498515118904
498515396984,498515136240









498514987104,498515372744
498514987104,498515456912
498514987104,498515581136



498515373472,498515439744


498515158800,498515181464

498515370392,498515442600





498515309120,498514874040
498515309120,498515050736




498515133048,498515443104








498515300984,498515370224
498515300984,498515436320
498515300984,498515309512

498515289200,498515440080


498514847224,498515495848
498514847224,498515371232
498514847224,498515441760

498514897440,498515135064
498514897440,498515439968

498515159304,498515440864

498515396088,498514873872
498515396088,498515072952
498515396088,498515540120
498515396088,498515139832
498515396088,498515457080
498515396088,498515540680

498515053480,498515137088
498515053480,498515456408
498515053480,498515133552
498515053480,498515137760

498515326736,498515300648
498515326736,498515004944
498515326736,498515442544



498515263672,498515355800
498515263672,498515044112
498515263672,498515457696
498515263672,498515043160
498515263672,498515459992

498515398048,498515042600
498515398048,498515159752



498515053984,498515160256








498515133440,498515581472


498515355296,498515043496



498515356080,498515396928







498515288584,498515159416


498515118960,498515132992
498515118960,498515160032



498515119968,498515157568









498515220240,498515094720









498515459320,498515493104
498515459320,498514870904
498515459320,498515248184
498515459320,498515457360
498515459320,498478948248





498515205592,498515439456

498514847168,498515160928
















498515025088,498515157736


498513895664,498515158072



498515311360,498515160200
498515311360,498515157344


498515247736,498515538608
498515247736,498515540232
498515247736,498515539560
498515247736,498515025200
498515247736,498515046240
498515247736,498515004048
498515247736,498515002704
498515247736,498515116160
498515247736,498515411072
498515247736,498515022456
498515247736,498515053704

498515179616,498515178272
498515179616,498515289088


498515303952,498515541016
498515303952,498515394744
498515303952,498515223272
498515303952,498515159864
498515303952,498515459656



498515459600,498515457528



498515204584,498515460048





498515331392,498515458312

498515054544,498515396368
498515054544,498515075024





498515093880,498515459432





498515289424,498515458816



498515494168,498515374032
498515494168,498515291552




498515354344,498515073624
498515354344,498515052864



498515023856,498515457472

498515541072,498515458144

498515181016,498515022680
498515181016,498515303336
498515181016,498515092256
498515181016,498515456856

498515133384,498515440584
498515133384,498514823936
498515133384,498515459488














498515134952,498515042824
498515134952,498478947744

498515136352,498515436880
498515136352,498478946456


498514846160,498515139216

498515302440,498515582536
498515302440,498515157064
498515302440,498515457248











498515118624,498515072280
498515118624,498515205200
498515118624,498515002368
498515118624,498515456968





498515022064,498478947632




498515414656,498515053256












498515440472,498515538104
498515440472,498515138936









498514871128,498515441032
498514871128,498515053816

498515116272,498515051576





498514896320,498515052976








498515251096,498515301264
498515251096,498515371904
498515251096,498515050624



498515086640,498515443664
498515086640,498515135400
498515086640,498515311472










498515084120,498515310576











498515005224,498515093488
498515005224,498478948304
498515005224,498515540512
498515005224,498515312200




498514895088,498515248520
498514895088,498515092200










498515301992,498515072672
498515301992,498515204024





498515119800,498515311808





498515332120,498515309736

498515442320,498515072560
498515442320,498515138656
498515442320,498515311416





498515002480,498515002816
498515002480,498515539392





498515054152,498515302608
498515054152,498515138376


498515394912,498515310688


498515438000,498515160704
498515438000,498515398552

498515221864,498514822536

498515370784,498515493720
498515370784,498515311192


498514846328,498515458480
498514846328,498515438112
498514846328,498515312032

498515397208,498514848960










498515370448,498514847112

498515457640,498515136072


498515458928,498515137200
498515458928,498515291720
498515458928,498515073568
498515458928,498515092984
498515458928,498514848400

498515354176,498514043792
498515354176,498514848120





498515249584,498514847840
498515249584,498515456744







498515050848,498515178720
498515050848,498515290432

498515023240,498515289144
498515023240,498515248912

498514894976,498514846832




498515118512,498514847448



498515579624,498514847056
498515579624,498514847280








498514874152,498515266080


498515248856,498515023968



498515177992,498514846944

498515158632,498515225960
498515158632,498515022848



498515354288,498515541576
498515354288,498515540736
498515354288,498515267032








498515085072,498515159696
498515085072,498515022288


498515310968,498515003152
498515310968,498515071944
498515310968,498515022512



498515412192,498515045400

498515458872,498514897552
498515458872,498515021896




498515494560,498515436600
498515494560,498515459936
498515494560,498515094552

498515436152,498515437832
498515436152,498515139776









498515051688,498515022008


498514988168,498515054320
498514988168,498514848232
498514988168,498515204304


498515331784,498515582312
498515331784,498515023464







498515310184,498515052752





498515132880,498515203800

498515263896,498514824720
498515263896,498515438560
498515263896,498515310296

498515250760,498514947320


498514849072,498515372016
498514849072,498514946368
498514849072,498515052360
498514849072,498478861056
498514849072,498515025368







498515180344,498515179280
498515180344,498515118792







498515442992,498515395248

498515134056,498515084176









498515300704,498515309232






498515251040,498515050960







498515225736,498515250368

498515289760,498515496912















498515220128,498515051800



498515005112,498515051464
498515005112,498515263728





498515373920,498515071440
498515373920,498515456296
498515373920,498515024080

498515084568,498515024808






498515178384,498515045960
498515178384,498515091864


498514947208,498515178552
498514947208,498515539168







498515373976,498515025648














498514896432,498515159248




498515263616,498515397992
498515263616,498515053200

498515133776,498515355184



498515331056,498514847784
498515331056,498515221192
498515331056,498514986712
498515331056,498515136016

498514988560,498515436936


498514849352,498515043552
498514849352,498515205984








498515458256,498515247624
498515458256,498514985872
498515458256,498515024416


498515044840,498515496240
498515044840,498514848008
498515044840,498515288528

498515311136,498515003992

498515224896,498515087312


498514895424,498515134560
498514895424,498515411296
498514895424,498515458704
498514895424,498515071496

498515330664,498515290040


498515025872,498515225288

498515266360,498515054208
498515266360,498515053312


498515290208,498515045848
498515290208,498515291440

498515303392,498514988280
498515303392,498515290992


498515024864,498515074576





498514947096,498515159808

498515117672,498515288472




498514946816,498513895944
498514946816,498515053144

498515265072,498515291216
498515265072,498515247456
498515265072,498515044392
498515265072,498515072336












498515538272,498515310856
498515538272,498515092032
498515538272,498515045624
498515538272,498515042768






498515414040,498515494392




498515325784,498515539896



498515266752,498513897008
498515266752,498515582424
498515266752,498515411128
498515266752,498478947520
498515266752,498515436208
498515266752,498515414096








498515247680,498515072224




498514848512,498515134840
498514848512,498515310464
498514848512,498514987496
498514848512,498515538440
498514848512,498515045344










498515302216,498515202624
498515302216,498515267536

498515539224,498515581024







498515091528,498515074968
498515091528,498515161040
498515091528,498515132936
498515091528,498515072056








498515373752,498515157792
498515373752,498515538720
498515373752,498515372912







498515220632,498515071832










498515580184,498515135848





498514872136,498515301880
498514872136,498515004384
498514872136,498515289816
498514872136,498515248800


498515157904,498515290152

498515412416,498515091696

498515179112,498515288864





498515221920,498515205760
498515221920,498515539504
498515221920,498515084736
498515221920,498515074128
498515221920,498515442656





498515331504,498515356976
498515331504,498515043944





498515054376,498515072896
498515054376,498515494616
498515054376,498515085184
498515054376,498515139608
498515054376,498515394856
498515054376,498514848624



498515160480,498515353784
498515160480,498515071664


498514897384,498515222880
498514897384,498515225904
498514897384,498515581976

498515046128,498514846272








498515072448,498515290544
498515072448,498514897720
498515072448,498515022232
498515072448,498515289648


498515223048,498515289312












498515219792,498515024192
498515219792,498515094384
498515219792,498515438504
498515219792,498515442208
498515219792,498515160872
498515219792,498515579400

498515138712,498515043440
498515138712,498515582256
498515138712,498473713904
498515138712,498515138824
498515138712,498515003656
498515138712,498515581248

498515264120,498515051968












498515117952,498515178496






498515226016,498514947936





498515158464,498515221024
498515158464,498515265632
498515158464,498515580912







498515157120,498514846664
498515157120,498515072784









